This is a simple text file.
This is the second(2nd) line of the file.
This is the third(3rd) line of the file.
  6 1276.28
  6 1276.28
  6 1276.28
  6 1276.28
  6 1276.28
  6 1276.28
  6 1276.28
  6 1276.28
  6 1276.28
  6 1276.28
  6 1276.28
  6 1276.28
  6 1276.28
  6 1276.28
  6 1276.28
  6 1276.28
  6 1276.28
  6 1276.28
  6 1276.28
  6 1276.28
  6 1276.28
  6 1276.28
  6 1276.28
  6 1276.28
  6 1276.28
  6 1276.28
  6 1276.28
  6 1276.28
  6 1276.28
  6 1276.28
  6 1276.28
  6 1276.28
  6 1276.28
  6 1276.28
  6 1276.28
  6 1276.28